6 0.20872641509433962 0.029450261780104712 0.06839622641509434 0.058900523560209424
6 0.3408018867924528 0.0412303664921466 0.06839622641509434 0.0824607329842932
6 0.5418632075471698 0.0693717277486911 0.06839622641509434 0.09816753926701571
6 0.7718160377358491 0.1099476439790576 0.07193396226415094 0.09554973821989529
3 0.10908018867924528 0.281413612565445 0.05778301886792453 0.07198952879581152
1 0.09964622641509434 0.7853403141361257 0.07311320754716981 0.10340314136125654
1 0.34139150943396224 0.8285340314136126 0.07311320754716981 0.10471204188481675
1 0.5442216981132075 0.8658376963350786 0.07311320754716981 0.10471204188481675
1 0.7582547169811321 0.9024869109947644 0.07193396226415094 0.10602094240837696
2 0.21462264150943397 0.8036649214659686 0.07075471698113207 0.10340314136125654
2 0.45577830188679247 0.8462041884816754 0.07075471698113207 0.09947643979057591
2 0.6468160377358491 0.8795811518324608 0.0695754716981132 0.10340314136125654
2 0.8602594339622641 0.9168848167539267 0.07193396226415094 0.10602094240837696
2 0.5035377358490566 0.23102094240837695 0.07783018867924528 0.10732984293193717
0 0.26297169811320753 0.4535340314136126 0.06839622641509434 0.09162303664921466
0 0.44221698113207547 0.3416230366492147 0.0660377358490566 0.09162303664921466
0 0.5253537735849056 0.35602094240837695 0.06839622641509434 0.08900523560209424
0 0.7140330188679245 0.3913612565445026 0.07311320754716981 0.09424083769633508