6 0.1857311320754717 0.037303664921465966 0.06485849056603774 0.07460732984293193
6 0.31898584905660377 0.04581151832460733 0.06485849056603774 0.09162303664921466
6 0.5212264150943396 0.06740837696335078 0.06485849056603774 0.09554973821989529
6 0.7529481132075472 0.09424083769633508 0.06839622641509434 0.09293193717277487
3 0.09905660377358491 0.3043193717277487 0.055424528301886794 0.0693717277486911
1 0.11379716981132075 0.8082460732984293 0.06839622641509434 0.10078534031413612
1 0.357311320754717 0.837696335078534 0.06839622641509434 0.10209424083769633
1 0.5613207547169812 0.862565445026178 0.06839622641509434 0.10209424083769633
1 0.777122641509434 0.8867801047120419 0.06721698113207547 0.10340314136125654
2 0.22936320754716982 0.8200261780104712 0.0660377358490566 0.10078534031413612
2 0.4722877358490566 0.8481675392670157 0.06721698113207547 0.0968586387434555
2 0.6645047169811321 0.8704188481675392 0.06485849056603774 0.10078534031413612
2 0.879127358490566 0.8959424083769634 0.06721698113207547 0.10340314136125654
2 0.49115566037735847 0.23102094240837695 0.07311320754716981 0.10340314136125654
0 0.26120283018867924 0.46727748691099474 0.06485849056603774 0.08900523560209424
0 0.4345518867924528 0.3448952879581152 0.0625 0.08900523560209424
0 0.5182783018867925 0.35471204188481675 0.06485849056603774 0.08638743455497382
0 0.7087264150943396 0.37892670157068065 0.0695754716981132 0.09031413612565445