6 0.6934604904632152 0.7962962962962963 0.10263396911898275 0.1574074074074074
6 0.7016348773841962 0.39814814814814814 0.10354223433242507 0.16512345679012347
5 0.5567665758401453 0.5879629629629629 0.11444141689373297 0.1558641975308642
5 0.8478655767484106 0.9104938271604939 0.1271571298819255 0.16666666666666666
5 0.851952770208901 0.6983024691358025 0.12352406902815623 0.16203703703703703
5 0.8546775658492279 0.5146604938271605 0.12352406902815623 0.1558641975308642
5 0.8596730245231607 0.30324074074074076 0.12170753860127158 0.15895061728395063
2 0.11398728428701181 0.7770061728395061 0.10626702997275204 0.1558641975308642
2 0.12397820163487738 0.35030864197530864 0.10626702997275204 0.15432098765432098
0 0.24704813805631246 0.8757716049382716 0.09809264305177112 0.1574074074074074
0 0.25022706630336056 0.6929012345679012 0.0971843778383288 0.16203703703703703
0 0.25522252497729336 0.44830246913580246 0.09445958219800181 0.1558641975308642
0 0.2579473206176203 0.2654320987654321 0.09809264305177112 0.16203703703703703
3 0.4223433242506812 0.5794753086419753 0.0681198910081744 0.09876543209876543