3 0.21651090342679127 0.9136690647482014 0.05711318795430945 0.07913669064748201
3 0.6723779854620976 0.8690647482014389 0.0529595015576324 0.07913669064748201
0 0.32554517133956384 0.920863309352518 0.07476635514018691 0.1237410071942446
0 0.5244029075804777 0.4366906474820144 0.07580477673935618 0.12661870503597122
0 0.6381100726895119 0.4266187050359712 0.0778816199376947 0.12949640287769784
0 0.7684319833852544 0.4136690647482014 0.07476635514018691 0.1251798561151079
3 0.42315680166147457 0.6848920863309352 0.0529595015576324 0.0776978417266187
4 0.43457943925233644 0.9086330935251798 0.07372793354101766 0.1223021582733813
4 0.3177570093457944 0.45827338129496403 0.07892004153686397 0.1251798561151079
4 0.5617860851505712 0.08345323741007195 0.08099688473520249 0.1237410071942446
4 0.7969885773624091 0.06402877697841726 0.07476635514018691 0.11942446043165468