0 0.9506283662477558 0.6836313617606602 0.06104129263913824 0.11279229711141678
0 0.8518850987432675 0.6746905089408528 0.13464991023339318 0.12929848693259974
0 0.6669658886894075 0.657496561210454 0.14183123877917414 0.12379642365887207
0 0.533213644524237 0.6382393397524071 0.12926391382405744 0.12929848693259974
0 0.3608617594254937 0.6141678129298487 0.14721723518850988 0.11966987620357634
0 0.21903052064631956 0.6052269601100413 0.1310592459605027 0.1279229711141678
0 0.05385996409335727 0.5839064649243466 0.10771992818671454 0.12242090784044017
4 0.8850987432675045 0.8246217331499313 0.13824057450628366 0.12242090784044017
4 0.5709156193895871 0.7984869325997249 0.13464991023339318 0.11966987620357634
4 0.26032315978456017 0.7592847317744154 0.13644524236983843 0.11829436038514443
4 0.00807899461400359 0.7303988995873453 0.01615798922800718 0.1155433287482806