3 0.17067530064754857 0.7413101604278075 0.06475485661424607 0.10294117647058823
1 0.25948196114708605 0.7473262032085561 0.08695652173913043 0.15641711229946523
1 0.32007400555041626 0.3068181818181818 0.09343200740055504 0.16443850267379678
1 0.3774283071230342 0.7760695187165776 0.0786308973172988 0.15240641711229946
3 0.3094357076780759 0.9191176470588235 0.0730804810360777 0.0855614973262032
3 0.46808510638297873 0.4612299465240642 0.0730804810360777 0.09759358288770054
1 0.530527289546716 0.3536096256684492 0.08973172987974098 0.1497326203208556
1 0.6114708603145236 0.07620320855614973 0.07955596669750231 0.1270053475935829
3 0.5962072155411656 0.8409090909090909 0.061979648473635525 0.11096256684491979
3 0.7627197039777983 0.8783422459893048 0.06475485661424607 0.11764705882352941
1 0.6322849213691026 0.3770053475935829 0.08048103607770583 0.15106951871657753
1 0.7391304347826086 0.39906417112299464 0.08233117483811286 0.15106951871657753
1 0.7816836262719704 0.11229946524064172 0.08140610545790934 0.12165775401069519