0 0.876844494892168 0.5676037483266398 0.07377979568671963 0.11914323962516733
0 0.8240635641316686 0.3634538152610442 0.07377979568671963 0.11780455153949129
0 0.7962542565266743 0.572289156626506 0.07264472190692395 0.11914323962516733
0 0.7145289443813848 0.5809906291834003 0.07377979568671963 0.11780455153949129
0 0.6220204313280363 0.5876840696117804 0.07150964812712826 0.12182061579651941
0 0.6753688989784336 0.37617135207496655 0.07377979568671963 0.11780455153949129
0 0.55788876276958 0.4190093708165997 0.07150964812712826 0.11512717536813923
0 0.4767309875141884 0.4243641231593039 0.07264472190692395 0.11780455153949129
0 0.3967082860385925 0.43105756358768405 0.07377979568671963 0.11780455153949129
0 0.3172531214528944 0.4364123159303882 0.07264472190692395 0.11780455153949129
0 0.4585698070374574 0.7911646586345381 0.07264472190692395 0.11914323962516733
4 0.5278093076049943 0.5957161981258366 0.07264472190692395 0.11646586345381527
4 0.36662883087400683 0.6091030789825971 0.07264472190692395 0.11512717536813923
4 0.19409761634506242 0.6385542168674698 0.07377979568671963 0.11512717536813923
4 0.36095346197502837 0.9658634538152611 0.07037457434733257 0.06827309236947791
3 0.5862656072644722 0.03681392235609103 0.049943246311010214 0.06559571619812583
3 0.41543700340522133 0.11244979919678715 0.049943246311010214 0.06559571619812583
3 0.4188422247446084 0.1746987951807229 0.04767309875141884 0.060240963855421686