4 0.51125 0.10785714285714286 0.14 0.08
0 0.66875 0.15071428571428572 0.12 0.07428571428571429
0 0.68375 0.08 0.1275 0.07285714285714286
6 0.8075 0.49642857142857144 0.1375 0.07714285714285714
6 0.64875 0.2307142857142857 0.155 0.07571428571428572
6 0.82625 0.24857142857142858 0.1425 0.07857142857142857
4 0.4625 0.5964285714285714 0.13 0.07571428571428572
6 0.6275 0.48 0.155 0.08
4 0.49375 0.355 0.1325 0.07857142857142857
0 0.655 0.39285714285714285 0.1225 0.07
0 0.6625 0.3264285714285714 0.13 0.06714285714285714
6 0.5975 0.72 0.15 0.07714285714285714
0 0.62625 0.6357142857142857 0.1275 0.07
0 0.6325 0.57 0.125 0.06714285714285714
4 0.455 0.8364285714285714 0.13 0.07571428571428572
0 0.6175 0.8735714285714286 0.125 0.07142857142857142
0 0.62375 0.8078571428571428 0.125 0.06857142857142857
6 0.7775 0.7378571428571429 0.1425 0.07857142857142857
6 0.7725 0.9678571428571429 0.145 0.06428571428571428
6 0.58625 0.9585714285714285 0.1525 0.08285714285714285