0 0.42131147540983604 0.07014388489208633 0.08415300546448087 0.09592326139088729
0 0.5819672131147541 0.11810551558752998 0.08743169398907104 0.11151079136690648
0 0.5852459016393443 0.2673860911270983 0.10601092896174863 0.10191846522781775
0 0.5808743169398907 0.39568345323741005 0.09836065573770492 0.10551558752997602
0 0.7377049180327869 0.4448441247002398 0.10163934426229508 0.10191846522781775
0 0.42295081967213116 0.5971223021582733 0.09180327868852459 0.11390887290167866
0 0.5814207650273224 0.6426858513189448 0.09617486338797815 0.11031175059952038
0 0.5841530054644809 0.7643884892086331 0.0907103825136612 0.09832134292565947
0 0.5819672131147541 0.8932853717026379 0.09180327868852459 0.11630695443645084
0 0.7404371584699454 0.9124700239808153 0.10273224043715846 0.11151079136690648
4 0.8961748633879781 0.7925659472422062 0.0994535519125683 0.1211031175059952
4 0.7382513661202186 0.6858513189448441 0.09726775956284153 0.1091127098321343
4 0.8945355191256831 0.3213429256594724 0.10163934426229508 0.10431654676258993
4 0.7355191256830601 0.19484412470023982 0.09508196721311475 0.10311750599520383
3 0.4355191256830601 0.7398081534772182 0.06994535519125683 0.07314148681055156
3 0.4387978142076503 0.867505995203837 0.08087431693989071 0.05995203836930456
3 0.2710382513661202 0.5671462829736211 0.073224043715847 0.06954436450839328
3 0.4382513661202186 0.2961630695443645 0.07431693989071038 0.05515587529976019
3 0.4306010928961749 0.1684652278177458 0.06885245901639345 0.05755395683453238
3 0.2726775956284153 0.09892086330935251 0.06666666666666667 0.05755395683453238
3 0.2786885245901639 0.6426858513189448 0.07540983606557378 0.05275779376498801
3 0.5934426229508196 0.4934052757793765 0.06775956284153005 0.05275779376498801