0 0.4625425652667423 0.9471218206157965 0.10442678774120318 0.09236947791164658
0 0.6328036322360954 0.8748326639892905 0.10329171396140749 0.09236947791164658
0 0.45459704880817253 0.8527443105756358 0.10329171396140749 0.09103078982597054
0 0.4426787741203178 0.7570281124497992 0.10329171396140749 0.09236947791164658
0 0.4318955732122588 0.6479250334672021 0.10556186152099886 0.08969210174029452
0 0.6140749148694665 0.7001338688085676 0.10329171396140749 0.09236947791164658
0 0.5720771850170261 0.5635876840696118 0.09988649262202043 0.08969210174029452
0 0.5629965947786606 0.4685408299866131 0.1021566401816118 0.09103078982597054
0 0.5527809307604994 0.3748326639892905 0.10329171396140749 0.09236947791164658
0 0.5442678774120318 0.28112449799196787 0.1021566401816118 0.09103078982597054
0 0.2514188422247446 0.46653279785809904 0.10329171396140749 0.09103078982597054
4 0.42054483541430193 0.5381526104417671 0.10102156640181612 0.09103078982597054
4 0.40068104426787743 0.34872824631860777 0.09988649262202043 0.09103078982597054
4 0.36662883087400683 0.14725568942436412 0.10102156640181612 0.09236947791164658
4 0.07775255391600454 0.3634538152610442 0.10102156640181612 0.09103078982597054
3 0.9511918274687855 0.5689424364123159 0.056753688989784334 0.06291834002677377
3 0.8967082860385925 0.5776439089692101 0.05788876276958002 0.06157965194109773
3 0.8234960272417707 0.38018741633199465 0.05788876276958002 0.06157965194109773
3 0.7712826333711691 0.3868808567603748 0.05221339387060159 0.058902275769745646