4 0.5 0.10785714285714286 0.1375 0.07857142857142857
0 0.65875 0.1492857142857143 0.12 0.07285714285714286
0 0.67125 0.07785714285714286 0.125 0.07142857142857142
6 0.8075 0.49357142857142855 0.1375 0.07571428571428572
6 0.64 0.2292857142857143 0.1525 0.07428571428571429
6 0.81875 0.24571428571428572 0.1425 0.07714285714285714
4 0.46625 0.5971428571428572 0.13 0.07428571428571429
6 0.6275 0.4785714285714286 0.155 0.07857142857142857
4 0.49 0.355 0.13 0.07714285714285714
0 0.65125 0.3914285714285714 0.12 0.06857142857142857
0 0.6575 0.325 0.1275 0.06714285714285714
6 0.60375 0.7192857142857143 0.15 0.07571428571428572
0 0.63 0.6342857142857142 0.125 0.06857142857142857
0 0.635 0.5685714285714286 0.1225 0.06571428571428571
4 0.465 0.8364285714285714 0.13 0.07428571428571429
0 0.62875 0.8721428571428571 0.1225 0.07
0 0.63375 0.8064285714285714 0.1225 0.06714285714285714
6 0.785 0.735 0.1425 0.07714285714285714
6 0.7875 0.9671428571428572 0.145 0.06571428571428571
6 0.6 0.9585714285714285 0.15 0.08285714285714285