0 0.11475409836065574 0.6163069544364509 0.09289617486338798 0.09832134292565947
0 0.1469945355191257 0.4370503597122302 0.10710382513661203 0.10311750599520383
0 0.2819672131147541 0.42326139088729015 0.1005464480874317 0.12350119904076738
0 0.3994535519125683 0.4184652278177458 0.10273224043715846 0.11510791366906475
0 0.43333333333333335 0.2434052757793765 0.0994535519125683 0.11870503597122302
0 0.5939890710382514 0.5779376498800959 0.11038251366120219 0.1079136690647482
0 0.6245901639344262 0.4010791366906475 0.10710382513661203 0.11270983213429256
0 0.7344262295081967 0.38968824940047964 0.09617486338797815 0.10671462829736211
0 0.8519125683060109 0.3830935251798561 0.11256830601092896 0.1091127098321343
0 0.8584699453551913 0.20803357314148682 0.10819672131147541 0.11990407673860912
4 0.7382513661202186 0.052158273381294966 0.11693989071038251 0.10431654676258993
4 0.6524590163934426 0.2260191846522782 0.10601092896174863 0.11390887290167866
4 0.30983606557377047 0.08093525179856115 0.10163934426229508 0.11870503597122302
4 0.20601092896174864 0.2637889688249401 0.1005464480874317 0.11151079136690648
3 0.7224043715846995 0.5539568345323741 0.07103825136612021 0.0815347721822542
3 0.8382513661202186 0.5413669064748201 0.060109289617486336 0.09232613908872901
3 0.5770491803278689 0.7458033573141487 0.06885245901639345 0.08513189448441247
3 0.3191256830601093 0.5815347721822542 0.05573770491803279 0.08513189448441247
3 0.20327868852459016 0.5989208633093526 0.05683060109289618 0.07913669064748201
3 0.15136612021857923 0.7769784172661871 0.05683060109289618 0.07673860911270983
3 0.6453551912568306 0.7320143884892086 0.053551912568306013 0.08633093525179857
3 0.48743169398907105 0.3980815347721823 0.05245901639344262 0.07793764988009592