6 0.4401178010471204 0.8612040133779264 0.05431937172774869 0.16555183946488294
6 0.4113219895287958 0.3319397993311037 0.05235602094240838 0.12374581939799331
6 0.518979057591623 0.6396321070234113 0.045157068062827224 0.1354515050167224
6 0.5173429319371727 0.7918060200668896 0.041884816753926704 0.10869565217391304
0 0.6243455497382199 0.5852842809364549 0.03795811518324607 0.10702341137123746
0 0.5860602094240838 0.6095317725752508 0.03861256544502618 0.11872909698996656
4 0.5942408376963351 0.46153846153846156 0.03861256544502618 0.11204013377926421
6 0.48200261780104714 0.25 0.04384816753926701 0.11036789297658862
6 0.4826570680628272 0.1020066889632107 0.04384816753926701 0.11204013377926421
0 0.5507198952879581 0.07190635451505016 0.03861256544502618 0.11371237458193979
0 0.5893324607329843 0.05016722408026756 0.04253926701570681 0.10033444816053512