4 0.7264397905759162 0.3637123745819398 0.049738219895287955 0.11538461538461539
6 0.6142015706806283 0.7617056856187291 0.06544502617801047 0.14046822742474915
6 0.8291884816753927 0.8695652173913043 0.05431937172774869 0.1354515050167224
6 0.40903141361256545 0.6596989966555183 0.04908376963350786 0.1354515050167224
6 0.19829842931937172 0.5719063545150501 0.0549738219895288 0.1354515050167224
6 0.8242801047120419 0.6563545150501672 0.04581151832460733 0.10367892976588629
6 0.768324607329843 0.6086956521739131 0.04253926701570681 0.10033444816053512
0 0.7791230366492147 0.4389632107023411 0.04712041884816754 0.11371237458193979
0 0.7827225130890052 0.3302675585284281 0.04384816753926701 0.11705685618729098
6 0.5579188481675392 0.5 0.05366492146596859 0.11705685618729098
6 0.6135471204188482 0.552675585284281 0.04319371727748691 0.10869565217391304
0 0.5719895287958116 0.22742474916387959 0.04253926701570681 0.09866220735785954
0 0.5683900523560209 0.3277591973244147 0.04712041884816754 0.10033444816053512
4 0.5166884816753927 0.2591973244147157 0.04450261780104712 0.10033444816053512
6 0.4015052356020942 0.46237458193979936 0.04319371727748691 0.11371237458193979
6 0.3471858638743455 0.4122073578595318 0.04384816753926701 0.11371237458193979
4 0.30530104712041883 0.16806020066889632 0.0412303664921466 0.09698996655518395
0 0.35831151832460734 0.2382943143812709 0.045157068062827224 0.10033444816053512
0 0.36027486910994766 0.1354515050167224 0.04450261780104712 0.10869565217391304
6 0.14234293193717276 0.31354515050167225 0.04384816753926701 0.10535117056856187
6 0.1950261780104712 0.362876254180602 0.04581151832460733 0.12207357859531773
0 0.14921465968586387 0.13795986622073578 0.04712041884816754 0.10702341137123746
4 0.09849476439790576 0.0677257525083612 0.0412303664921466 0.10535117056856187
0 0.1537958115183246 0.0451505016722408 0.04057591623036649 0.0903010033444816