0 0.12076502732240438 0.6378896882494005 0.09726775956284153 0.10311750599520383
0 0.14426229508196722 0.45743405275779375 0.11147540983606558 0.1091127098321343
0 0.2786885245901639 0.43585131894484413 0.10491803278688525 0.12829736211031176
0 0.39562841530054643 0.4244604316546763 0.10710382513661203 0.11990407673860912
0 0.42131147540983604 0.2476019184652278 0.10491803278688525 0.12350119904076738
0 0.5972677595628415 0.5725419664268585 0.11475409836065574 0.11390887290167866
0 0.6196721311475409 0.39388489208633093 0.11147540983606558 0.11870503597122302
0 0.7289617486338797 0.37589928057553956 0.1005464480874317 0.11031175059952038
0 0.8459016393442623 0.3627098321342926 0.11693989071038251 0.11390887290167866
0 0.8437158469945355 0.18764988009592326 0.11366120218579236 0.12589928057553956
4 0.7163934426229508 0.047362110311750596 0.12131147540983607 0.09472422062350119
4 0.639344262295082 0.21762589928057555 0.11038251366120219 0.11870503597122302
4 0.2901639344262295 0.09232613908872901 0.10710382513661203 0.12350119904076738
4 0.19508196721311474 0.2805755395683453 0.10491803278688525 0.11630695443645084
3 0.7245901639344262 0.5407673860911271 0.07431693989071038 0.08513189448441247
3 0.8398907103825136 0.5215827338129496 0.06448087431693988 0.09592326139088729
3 0.5885245901639344 0.7410071942446043 0.07213114754098361 0.08872901678657075
3 0.32295081967213113 0.592326139088729 0.05901639344262295 0.08752997601918465
3 0.2087431693989071 0.6157074340527577 0.060109289617486336 0.0815347721822542
3 0.1650273224043716 0.7961630695443646 0.060109289617486336 0.07913669064748201
3 0.6562841530054645 0.723621103117506 0.05683060109289618 0.08872901678657075
3 0.4825136612021858 0.39928057553956836 0.05573770491803279 0.0803357314148681