0 0.7723915050784856 0.18626237623762376 0.04709141274238227 0.0655940594059406
0 0.7253000923361034 0.17574257425742573 0.04709141274238227 0.06435643564356436
0 0.6782086795937211 0.16646039603960397 0.046168051708217916 0.06435643564356436
0 0.631578947368421 0.15594059405940594 0.046168051708217916 0.06435643564356436
3 0.7442289935364728 0.1051980198019802 0.0332409972299169 0.04950495049504951
3 0.6948291782086796 0.0952970297029703 0.032317636195752536 0.04950495049504951
3 0.646814404432133 0.08415841584158416 0.030470914127423823 0.04826732673267327
3 0.6371191135734072 0.034653465346534656 0.029547553093259463 0.028465346534653466
3 0.7049861495844876 0.3997524752475248 0.036011080332409975 0.04702970297029703
3 0.6689750692520776 0.7122524752475248 0.03693444136657433 0.043316831683168314
0 0.7142197599261311 0.33601485148514854 0.048938134810710986 0.06435643564356436
4 0.6999076638965835 0.46163366336633666 0.04986149584487535 0.0655940594059406
0 0.5581717451523546 0.3125 0.04801477377654663 0.06435643564356436
0 0.5493998153277931 0.37623762376237624 0.048938134810710986 0.06435643564356436
0 0.5420129270544783 0.4375 0.04801477377654663 0.06064356435643564
0 0.6777469990766389 0.6491336633663366 0.048938134810710986 0.06311881188118812
4 0.6625115420129271 0.7753712871287128 0.04801477377654663 0.06188118811881188
0 0.5207756232686981 0.6262376237623762 0.048938134810710986 0.06188118811881188
0 0.512927054478301 0.6893564356435643 0.04709141274238227 0.06188118811881188
0 0.5050784856879039 0.7530940594059405 0.050784856879039705 0.06435643564356436
0 0.30009233610341646 0.7642326732673267 0.050784856879039705 0.0655940594059406
0 0.33748845798707294 0.44925742574257427 0.04986149584487535 0.06683168316831684
4 0.4164358264081256 0.9696782178217822 0.04524469067405355 0.04579207920792079
6 0.4422899353647276 0.7988861386138614 0.05447830101569714 0.0655940594059406
6 0.35780240073868885 0.7698019801980198 0.05447830101569714 0.0655940594059406
6 0.4090489381348107 0.45173267326732675 0.055401662049861494 0.06683168316831684