0 0.2659279778393352 0.1349009900990099 0.048938134810710986 0.06311881188118812
0 0.2580794090489381 0.19801980198019803 0.04801477377654663 0.06311881188118812
0 0.25115420129270544 0.26113861386138615 0.04801477377654663 0.06188118811881188
0 0.2433056325023084 0.32363861386138615 0.04801477377654663 0.06188118811881188
3 0.20544783010156972 0.17264851485148514 0.03693444136657433 0.04455445544554455
3 0.19806094182825484 0.23886138613861385 0.03693444136657433 0.043316831683168314
3 0.18975069252077562 0.3032178217821782 0.036011080332409975 0.04084158415841584
3 0.14681440443213298 0.31435643564356436 0.034164358264081256 0.04207920792079208
3 0.425207756232687 0.22524752475247525 0.03508771929824561 0.04826732673267327
3 0.6588180978762697 0.2728960396039604 0.032317636195752536 0.04950495049504951
0 0.37765466297322253 0.21287128712871287 0.04801477377654663 0.0655940594059406
4 0.4713758079409049 0.23205445544554457 0.048938134810710986 0.06683168316831684
0 0.3601108033240997 0.422029702970297 0.04801477377654663 0.06435643564356436
0 0.40766389658356417 0.4337871287128713 0.04801477377654663 0.0655940594059406
0 0.4533702677746999 0.4436881188118812 0.04524469067405355 0.06435643564356436
0 0.6112650046168052 0.26175742574257427 0.04709141274238227 0.0655940594059406
4 0.7054478301015698 0.28217821782178215 0.046168051708217916 0.06435643564356436
0 0.5941828254847645 0.47215346534653463 0.046168051708217916 0.0655940594059406
0 0.6412742382271468 0.48267326732673266 0.046168051708217916 0.06311881188118812
0 0.6888273314866112 0.4931930693069307 0.04801477377654663 0.06806930693069307
0 0.6971375807940905 0.7679455445544554 0.048938134810710986 0.06806930693069307
0 0.4621421975992613 0.7178217821782178 0.04986149584487535 0.06683168316831684
4 0.858264081255771 0.6138613861386139 0.04801477377654663 0.06435643564356436
6 0.7229916897506925 0.5773514851485149 0.048938134810710986 0.07301980198019802
6 0.7012927054478301 0.6905940594059405 0.048938134810710986 0.07301980198019802
6 0.46398891966759004 0.6219059405940595 0.04986149584487535 0.07425742574257425