0 0.8097876269621422 0.7425742574257426 0.04986149584487535 0.06311881188118812
0 0.8019390581717452 0.6800742574257426 0.048938134810710986 0.06311881188118812
0 0.7936288088642659 0.6175742574257426 0.048938134810710986 0.06188118811881188
0 0.7857802400738689 0.5544554455445545 0.048938134810710986 0.06188118811881188
3 0.858264081255771 0.6813118811881188 0.03785780240073869 0.04579207920792079
3 0.8490304709141274 0.6150990099009901 0.03785780240073869 0.04455445544554455
3 0.8407202216066482 0.5507425742574258 0.036011080332409975 0.04207920792079208
3 0.8795013850415513 0.5216584158415841 0.03508771929824561 0.04207920792079208
3 0.6371191135734072 0.7271039603960396 0.03508771929824561 0.04826732673267327
3 0.4053554939981533 0.7840346534653465 0.0332409972299169 0.050742574257425746
0 0.6851338873499538 0.718440594059406 0.04801477377654663 0.06683168316831684
4 0.5923361034164358 0.7407178217821783 0.048938134810710986 0.06683168316831684
0 0.6514312096029548 0.5123762376237624 0.04801477377654663 0.0655940594059406
0 0.6034164358264081 0.5222772277227723 0.04801477377654663 0.06683168316831684
0 0.5577100646352724 0.5327970297029703 0.04524469067405355 0.0655940594059406
0 0.45244690674053556 0.7741336633663366 0.04709141274238227 0.06683168316831684
4 0.358264081255771 0.7957920792079208 0.046168051708217916 0.0655940594059406
0 0.41735918744228995 0.567450495049505 0.04709141274238227 0.06683168316831684
0 0.37072945521698986 0.5785891089108911 0.046168051708217916 0.06435643564356436
0 0.3231763619575254 0.5891089108910891 0.048938134810710986 0.06930693069306931
0 0.24838411819021236 0.33292079207920794 0.04986149584487535 0.06806930693069307
0 0.48291782086795937 0.27784653465346537 0.04986149584487535 0.06683168316831684
4 0.13388734995383195 0.5488861386138614 0.048938134810710986 0.06435643564356436
6 0.27008310249307477 0.5241336633663366 0.04986149584487535 0.07425742574257425
6 0.2631578947368421 0.40779702970297027 0.04986149584487535 0.07425742574257425
6 0.5041551246537396 0.3688118811881188 0.050784856879039705 0.07425742574257425