3 0.3867223769730734 0.9832677165354331 0.06592386258124419 0.03346456692913386
2 0.46564531104921075 0.7992125984251969 0.07985143918291551 0.19881889763779528
2 0.6058495821727019 0.9330708661417323 0.09192200557103064 0.11811023622047244
1 0.5622098421541318 0.6210629921259843 0.08449396471680594 0.16338582677165353
3 0.6434540389972145 0.6082677165354331 0.07149489322191271 0.12401574803149606
3 0.37418755803156917 0.5974409448818898 0.06685236768802229 0.12992125984251968
1 0.4545032497678737 0.4734251968503937 0.07613741875580315 0.1830708661417323
2 0.5872794800371403 0.2903543307086614 0.09656453110492108 0.16535433070866143
3 0.36768802228412256 0.35826771653543305 0.06685236768802229 0.1062992125984252
2 0.4447539461467038 0.13484251968503938 0.07242339832869081 0.1968503937007874
1 0.5389972144846796 0.018700787401574805 0.08263695450324977 0.03740157480314961