6 0.9416666666666667 0.23677884615384615 0.075 0.07211538461538461
6 0.7111111111111111 0.22956730769230768 0.07222222222222222 0.07211538461538461
6 0.6875 0.3798076923076923 0.075 0.06971153846153846
6 0.38472222222222224 0.22115384615384615 0.07222222222222222 0.06971153846153846
6 0.15416666666666667 0.21394230769230768 0.07222222222222222 0.06971153846153846
6 0.12916666666666668 0.3629807692307692 0.07222222222222222 0.06971153846153846
0 0.8652777777777778 0.23557692307692307 0.06944444444444445 0.06490384615384616
0 0.6097222222222223 0.3786057692307692 0.06944444444444445 0.0625
0 0.5333333333333333 0.3762019230769231 0.07222222222222222 0.0625
0 0.30833333333333335 0.21875 0.075 0.0673076923076923
0 0.05277777777777778 0.3605769230769231 0.075 0.0673076923076923
4 0.022222222222222223 0.5060096153846154 0.044444444444444446 0.06971153846153846
4 0.23055555555555557 0.21634615384615385 0.075 0.06971153846153846
4 0.5638888888888889 0.5252403846153846 0.075 0.06971153846153846
4 0.7888888888888889 0.23197115384615385 0.075 0.06971153846153846