6 0.06388888888888888 0.7704326923076923 0.075 0.06971153846153846
6 0.29444444444444445 0.7728365384615384 0.07222222222222222 0.06971153846153846
6 0.31527777777777777 0.6237980769230769 0.07222222222222222 0.0673076923076923
6 0.6208333333333333 0.7776442307692307 0.06944444444444445 0.0673076923076923
6 0.8513888888888889 0.7800480769230769 0.06944444444444445 0.0673076923076923
6 0.8736111111111111 0.6322115384615384 0.06944444444444445 0.0673076923076923
0 0.14027777777777778 0.7704326923076923 0.06666666666666667 0.0625
0 0.39305555555555555 0.6237980769230769 0.06666666666666667 0.06009615384615385
0 0.46944444444444444 0.625 0.06944444444444445 0.06009615384615385
0 0.6972222222222222 0.7788461538461539 0.07222222222222222 0.06490384615384616
0 0.95 0.6334134615384616 0.07222222222222222 0.06490384615384616
4 0.9777777777777777 0.4831730769230769 0.044444444444444446 0.0673076923076923
4 0.775 0.7788461538461539 0.07222222222222222 0.0673076923076923
4 0.43472222222222223 0.47596153846153844 0.07222222222222222 0.0673076923076923
4 0.21666666666666667 0.7716346153846154 0.07222222222222222 0.0673076923076923