3 0.6364902506963789 0.03248031496062992 0.06592386258124419 0.04921259842519685
2 0.5487465181058496 0.20964566929133857 0.07613741875580315 0.19488188976377951
2 0.415041782729805 0.05019685039370079 0.09099350046425256 0.10039370078740158
1 0.44428969359331477 0.3661417322834646 0.08263695450324977 0.15748031496062992
3 0.36258124419684307 0.3612204724409449 0.06963788300835655 0.12007874015748031
3 0.6299907149489322 0.4311023622047244 0.06499535747446611 0.12401574803149606
1 0.5441039925719592 0.5364173228346457 0.0733519034354689 0.17913385826771652
2 0.40297121634168986 0.6889763779527559 0.0947075208913649 0.15748031496062992
3 0.6244196843082637 0.6702755905511811 0.06592386258124419 0.10039370078740158
2 0.5371402042711235 0.875 0.06963788300835655 0.19094488188976377
1 0.43686165273909006 0.9763779527559056 0.08263695450324977 0.045275590551181105