3 0.24464285714285713 0.50875 0.10357142857142858 0.1175
3 0.3535714285714286 0.50125 0.10178571428571428 0.125
3 0.7714285714285715 0.41625 0.10178571428571428 0.12
3 0.7598214285714285 0.05625 0.10178571428571428 0.1125
3 0.7651785714285714 0.17125 0.09464285714285714 0.1125
3 0.7678571428571429 0.29625 0.09285714285714286 0.11
3 0.7732142857142857 0.545 0.1 0.115
3 0.7776785714285714 0.66125 0.09821428571428571 0.115
3 0.7803571428571429 0.78375 0.09642857142857143 0.1125
3 0.7821428571428571 0.9025 0.09821428571428571 0.115
1 0.4660714285714286 0.49625 0.11785714285714285 0.12
2 0.6214285714285714 0.735 0.12142857142857143 0.1225
2 0.6071428571428571 0.24625 0.12321428571428572 0.12