3 0.5241071428571429 0.85625 0.09107142857142857 0.15
3 0.5107142857142857 0.705 0.09464285714285714 0.15
3 0.42142857142857143 0.1275 0.09107142857142857 0.15
3 0.16428571428571428 0.1675 0.08928571428571429 0.1475
3 0.24732142857142858 0.1525 0.08571428571428572 0.14
3 0.3366071428571429 0.14125 0.08392857142857142 0.1375
3 0.5133928571428571 0.115 0.0875 0.145
3 0.5955357142857143 0.10125 0.0875 0.1425
3 0.6830357142857143 0.08875 0.08571428571428572 0.1425
3 0.7669642857142858 0.0775 0.0875 0.1425
1 0.5 0.5475 0.09285714285714286 0.17
2 0.6589285714285714 0.315 0.09642857142857143 0.1775
2 0.31160714285714286 0.3675 0.09464285714285714 0.1775