3 0.7526785714285714 0.4475 0.11071428571428571 0.1325
3 0.6455357142857143 0.47375 0.11071428571428571 0.14
3 0.23839285714285716 0.62875 0.11071428571428571 0.135
3 0.2794642857142857 0.96 0.10892857142857143 0.08
3 0.26517857142857143 0.87125 0.10357142857142858 0.1275
3 0.2526785714285714 0.7475 0.10178571428571428 0.1225
3 0.22410714285714287 0.50125 0.10714285714285714 0.13
3 0.21071428571428572 0.3875 0.10535714285714286 0.13
3 0.19732142857142856 0.26625 0.10535714285714286 0.1275
3 0.18482142857142858 0.14875 0.10535714285714286 0.13
1 0.5339285714285714 0.4975 0.125 0.1375
2 0.35892857142857143 0.2875 0.13035714285714287 0.1425
2 0.4160714285714286 0.77 0.13035714285714287 0.14