0 677 1270 723 1359 1 
0 1293 1271 1340 1359 1 
0 879 1269 925 1355 1 
0 487 1271 534 1359 1 
0 852 1405 952 1451 1 
0 1956 1262 2003 1347 1 
0 1516 1377 1603 1422 1 
0 1738 1266 1786 1353 1 
0 1075 1271 1123 1359 1 
0 2839 1243 2886 1330 1 
0 2171 1256 2219 1343 1 
0 2386 1253 2434 1340 1 
0 3352 1020 3398 1107 1 
0 2610 1248 2655 1335 1 
0 3352 1469 3398 1555 1 
0 3774 1022 3821 1109 1 
0 3774 1470 3821 1558 1 
0 4708 1026 4755 1112 1 
0 4263 1022 4310 1109 1 
0 4263 1470 4310 1557 1 
0 5159 1022 5206 1110 1 
0 4708 1473 4755 1561 1 
0 5159 1470 5206 1557 1 
0 210 1575 257 1663 1 
0 1398 1891 1446 1978 1 
0 1864 1814 1951 1860 1 
0 2504 1891 2551 1978 1 
0 3352 1924 3398 2010 1 
0 3774 1926 3821 2013 1 
0 4263 1927 4309 2013 1 
0 4708 1929 4755 2016 1 
0 5160 1927 5205 2012 1 
0 1042 2856 1089 2943 1 
0 1398 2554 1445 2642 1 
0 1497 2856 1545 2943 1 
0 1266 2856 1312 2943 1 
0 1721 2856 1767 2943 1 
0 2504 2554 2551 2642 1 
0 2737 2856 2783 2943 1 
0 2281 2856 2329 2943 1 
0 2504 2856 2551 2944 1 
1 1033 2979 1096 3079 1 
1 1256 2979 1318 3079 1 
1 2272 2979 2336 3079 1 
1 2495 2979 2559 3079 1
2 4789 2199 4898 2252 1 
2 5270 2196 5379 2250 1 
2 1716 2973 1771 3080 1 
2 1494 2974 1548 3080 1 
2 2733 2973 2787 3080 1 
3 1368 2225 1512 2373 1 
3 2473 2226 2618 2372 1 
5 261 1496 387 1551 1 
5 875 1105 930 1223 1 
5 640 1410 694 1532 1 
5 450 1410 505 1532 1 
5 1073 1140 1127 1259 1 
5 1336 986 1391 1107 1 
5 1329 1411 1383 1531 1 
5 712 1411 766 1531 1 
5 916 1410 971 1531 1 
5 529 986 585 1107 1 
5 719 986 774 1107 1 
5 523 1411 577 1530 1 
5 1290 1141 1345 1259 1 
5 483 1141 538 1259 1 
5 837 1410 892 1531 1 
5 673 1140 728 1260 1 
5 1735 1114 1790 1234 1 
5 1039 1410 1094 1532 1 
5 2004 1395 2058 1514 1 
5 1787 1400 1842 1519 1 
5 1687 1399 1742 1520 1 
5 1118 986 1174 1107 1 
5 1257 1410 1312 1532 1 
5 1111 1411 1165 1531 1 
5 2120 1389 2175 1510 1 
5 1433 1689 1489 1811 1 
5 1413 1408 1468 1529 1 
5 1953 1109 2008 1228 1 
5 2168 1104 2223 1223 1 
5 2606 1096 2661 1216 1 
5 2383 1101 2438 1221 1 
5 2463 1690 2517 1811 1 
5 2539 1689 2594 1811 1 
5 2335 1386 2390 1507 1 
5 2558 1381 2613 1502 1 
5 2220 1389 2274 1510 1 
5 1905 1394 1960 1515 1 
5 2435 1386 2489 1507 1 
5 3348 1795 3404 1911 1 
5 2657 1381 2712 1501 1 
5 2888 1376 2942 1496 1 
5 2788 1376 2843 1497 1 
5 2836 1092 2891 1211 1 
5 3348 888 3404 1009 1 
5 3348 1113 3404 1235 1 
5 3348 1336 3404 1457 1 
5 4259 1799 4315 1911 1 
5 3770 891 3826 1012 1 
5 3770 1116 3826 1238 1 
5 3771 1339 3826 1460 1 
5 4259 1116 4315 1238 1 
5 4705 1801 4760 1911 1 
5 4705 1118 4760 1240 1 
5 5156 1116 5211 1238 1 
5 5156 1564 5211 1685 1 
5 4705 1342 4760 1463 1 
5 4259 1564 4315 1685 1 
5 5156 1339 5211 1460 1 
5 5155 891 5211 1012 1 
5 4259 891 4315 1013 1 
5 4259 1339 4315 1460 1 
5 4705 893 4760 1014 1 
5 1358 1691 1410 1810 1 
5 261 1685 387 1740 1 
5 1395 2015 1450 2136 1 
5 1945 1695 2000 1816 1 
5 1814 1696 1870 1815 1 
5 2593 2049 2648 2169 1 
5 2501 2014 2556 2136 1 
5 3349 1561 3404 1682 1 
5 3348 2019 3404 2141 1 
5 3771 1798 3826 1918 1 
5 3771 1563 3826 1685 1 
5 4260 2023 4315 2144 1 
5 3771 2023 3826 2144 1 
5 5156 1797 5211 1918 1 
5 5156 2022 5211 2144 1 
5 4705 1566 4760 1687 1 
5 4609 2197 4733 2252 1 
5 1262 2714 1317 2835 1 
5 1487 2048 1542 2169 1 
5 1039 2714 1094 2834 1 
5 1395 2412 1450 2532 1 
5 1495 2714 1550 2834 1 
5 1718 2714 1772 2834 1 
5 2501 2411 2556 2533 1 
5 2501 2714 2556 2835 1 
5 2278 2714 2334 2834 1 
5 2734 2714 2789 2834 1 
5 4705 2025 4760 2146 1 
5 5069 2195 5193 2250 1
6 3254 1717 3349 1769 1 
6 3410 989 3495 1041 1 
6 3410 1437 3495 1490 1 
6 3410 1086 3495 1140 1 
6 3827 1440 3920 1492 1 
6 3410 1265 3482 1317 1 
6 3827 992 3920 1045 1 
6 3671 1714 3766 1767 1 
6 4154 1716 4251 1769 1 
6 3827 1089 3921 1142 1 
6 3669 1265 3761 1317 1 
6 4315 1089 4410 1142 1
6 4767 995 4860 1047 1 
6 5064 1716 5159 1768 1 
6 4761 1442 4855 1495 1 
6 4316 1440 4410 1492 1 
6 4313 1266 4403 1317 1 
6 5211 1440 5306 1492 1 
6 4316 1537 4410 1590 1 
6 5212 1091 5307 1142 1 
6 4316 992 4409 1045 1
6 4763 1264 4855 1315 1 
6 5212 992 5306 1044 1 
6 5211 1266 5303 1318 1 
6 4765 1092 4861 1145 1
6 3410 1534 3495 1587 1 
6 3410 1892 3496 1947 1 
6 3410 1993 3497 2046 1 
6 3827 1537 3921 1590 1 
6 3827 1896 3921 1948 1 
6 3827 1996 3920 2048 1 
6 4316 1996 4410 2048 1 
6 5211 1537 5306 1590 1 
6 5212 1995 5306 2048 1 
6 5211 1895 5306 1948 1 
6 4316 1896 4410 1948 1 
6 5067 2197 5194 2250 1 
6 4761 1541 4855 1592 1 
6 4599 1719 4693 1771 1 
6 4761 1998 4856 2051 1 
6 4761 1898 4856 1951 1 
6 4728 2253 4780 2348 1
6 5201 2252 5254 2348 1 
7 4210 711 4246 829 1 
7 4392 2202 4439 2318 1 
