6 0.8278301886792453 0.9568062827225131 0.06132075471698113 0.08638743455497382
6 0.6951650943396226 0.9476439790575916 0.06132075471698113 0.09031413612565445
6 0.49233490566037735 0.9332460732984293 0.0625 0.09293193717277487
6 0.26002358490566035 0.9149214659685864 0.06485849056603774 0.09031413612565445
3 0.9068396226415094 0.6799738219895288 0.05306603773584906 0.06806282722513089
1 0.8761792452830188 0.17670157068062828 0.0660377358490566 0.09816753926701571
1 0.6320754716981132 0.15706806282722513 0.0660377358490566 0.09947643979057591
1 0.42747641509433965 0.1400523560209424 0.0660377358490566 0.09947643979057591
1 0.21108490566037735 0.12369109947643979 0.06485849056603774 0.10078534031413612
2 0.7600235849056604 0.17015706806282724 0.06367924528301887 0.09816753926701571
2 0.5165094339622641 0.1511780104712042 0.06485849056603774 0.09424083769633508
2 0.32370283018867924 0.13612565445026178 0.0625 0.09816753926701571
2 0.10849056603773585 0.11910994764397906 0.06485849056603774 0.10078534031413612
2 0.5170990566037735 0.768324607329843 0.07075471698113207 0.10209424083769633
0 0.7399764150943396 0.5229057591623036 0.0625 0.08638743455497382
0 0.5701650943396226 0.6524869109947644 0.060141509433962265 0.08638743455497382
0 0.4858490566037736 0.6459424083769634 0.0625 0.08376963350785341
0 0.294811320754717 0.6289267015706806 0.06721698113207547 0.08900523560209424