3 0.18691588785046728 0.8697841726618705 0.055036344755970926 0.0776978417266187
3 0.6433021806853583 0.8920863309352518 0.05088265835929388 0.0776978417266187
0 0.2949117341640706 0.8935251798561151 0.07165109034267912 0.12086330935251799
0 0.5290758047767393 0.44028776978417267 0.07268951194184839 0.1237410071942446
0 0.6427829698857737 0.4474820143884892 0.07476635514018691 0.1251798561151079
0 0.7736240913811008 0.4525179856115108 0.07165109034267912 0.1223021582733813
3 0.40965732087227413 0.6726618705035972 0.05192107995846314 0.07625899280575539
4 0.40446521287642784 0.8971223021582734 0.07165109034267912 0.11942446043165468
4 0.32191069574247144 0.43237410071942445 0.07580477673935618 0.12086330935251799
4 0.592938733125649 0.09496402877697842 0.07892004153686397 0.11942446043165468
4 0.828141225337487 0.1093525179856115 0.07268951194184839 0.11654676258992806