3 0.17757009345794392 0.8546762589928057 0.05711318795430945 0.07913669064748201
3 0.6334371754932503 0.8985611510791367 0.0529595015576324 0.07913669064748201
0 0.2850467289719626 0.8827338129496403 0.07476635514018691 0.1237410071942446
0 0.5306334371754933 0.441726618705036 0.07580477673935618 0.12661870503597122
0 0.6438213914849429 0.4539568345323741 0.0778816199376947 0.12949640287769784
0 0.77466251298027 0.46618705035971225 0.07476635514018691 0.1251798561151079
3 0.40498442367601245 0.6683453237410072 0.0529595015576324 0.0776978417266187
4 0.3940809968847352 0.8920863309352518 0.07372793354101766 0.1223021582733813
4 0.32398753894080995 0.4237410071942446 0.07892004153686397 0.1251798561151079
4 0.602803738317757 0.09928057553956834 0.08099688473520249 0.1237410071942446
4 0.838006230529595 0.1251798561151079 0.07476635514018691 0.11942446043165468