3 0.17145421903052063 0.06533700137551582 0.12926391382405744 0.07290233837689133
3 0.3393177737881508 0.05089408528198074 0.1400359066427289 0.07702888583218707
0 0.6104129263913824 0.08872077028885832 0.15798922800718132 0.10453920220082531
0 0.6292639138240574 0.1939477303988996 0.16696588868940754 0.10178817056396149
0 0.6552962298025135 0.3356258596973865 0.15978456014362658 0.10591471801925723
0 0.6660682226211849 0.43947730398899587 0.16696588868940754 0.09766162310866575
0 0.6795332136445242 0.5729023383768913 0.15439856373429084 0.11141678129298486
0 0.7055655296229802 0.6808803301237965 0.1651705565529623 0.09903713892709766
0 0.725314183123878 0.8198074277854195 0.15978456014362658 0.10453920220082531
0 0.7405745062836625 0.9222833562585969 0.1615798922800718 0.09766162310866575
4 0.8105924596050269 0.1279229711141678 0.15978456014362658 0.10729023383768914
4 0.8581687612208259 0.3700137551581843 0.15439856373429084 0.10178817056396149
4 0.8895870736086176 0.610041265474553 0.1526032315978456 0.1031636863823934
4 0.9245960502692998 0.8493810178817056 0.15080789946140036 0.1031636863823934