0 0.017953321364452424 0.37895460797799174 0.03590664272890485 0.11141678129298486
0 0.11310592459605028 0.374828060522696 0.12028725314183124 0.12104539202200826
0 0.2998204667863555 0.3672627235213205 0.12746858168761221 0.11416781292984869
0 0.4353680430879713 0.36795048143053644 0.11490125673249552 0.12104539202200826
0 0.6104129263913824 0.36932599724896836 0.13464991023339318 0.11004126547455295
0 0.7531418312387792 0.35900962861072905 0.11669658886894076 0.11966987620357634
0 0.9344703770197487 0.3562585969738652 0.12387791741472172 0.11416781292984869
4 0.05296229802513465 0.22902338376891335 0.1059245960502693 0.11416781292984869
4 0.3617594254937163 0.2152682255845942 0.12208258527827648 0.11141678129298486
4 0.677737881508079 0.2125171939477304 0.12387791741472172 0.11004126547455295
4 0.9587073608617595 0.20426409903713894 0.06104129263913824 0.11279229711141678