3 0.9347826086956522 0.7078025477707006 0.06422924901185771 0.12101910828025478
3 0.8433794466403162 0.7221337579617835 0.06818181818181818 0.11942675159235669
3 0.7544466403162056 0.7380573248407644 0.06620553359683795 0.12261146496815287
3 0.6645256916996047 0.7515923566878981 0.0691699604743083 0.12579617834394904
0 0.517292490118577 0.6640127388535032 0.10968379446640317 0.1464968152866242
0 0.508893280632411 0.5310509554140127 0.1067193675889328 0.1449044585987261
0 0.49950592885375494 0.3996815286624204 0.10573122529644269 0.14331210191082802
0 0.3591897233201581 0.2643312101910828 0.1067193675889328 0.1449044585987261
0 0.2391304347826087 0.4450636942675159 0.10869565217391304 0.14171974522292993
4 0.37450592885375494 0.4880573248407643 0.1067193675889328 0.1464968152866242
4 0.483695652173913 0.13694267515923567 0.1067193675889328 0.1464968152866242
4 0.12450592885375494 0.7038216560509554 0.10869565217391304 0.14331210191082802