3 0.8719839142091153 0.8294979079497908 0.08042895442359249 0.14853556485355648
3 0.7714477211796247 0.8158995815899581 0.08042895442359249 0.1589958158995816
3 0.6695710455764075 0.7928870292887029 0.07640750670241286 0.14435146443514643
3 0.5690348525469169 0.7698744769874477 0.08176943699731903 0.14853556485355648
0 0.42761394101876676 0.6161087866108786 0.1353887399463807 0.1694560669456067
0 0.4403485254691689 0.47280334728033474 0.128686327077748 0.1589958158995816
0 0.450402144772118 0.3368200836820084 0.12198391420911528 0.1589958158995816
0 0.46179624664879354 0.19351464435146443 0.1260053619302949 0.16527196652719664
4 0.28820375335120646 0.5209205020920502 0.12466487935656836 0.16108786610878661
4 0.31233243967828417 0.23744769874476987 0.12734584450402145 0.1694560669456067
0 0.15750670241286863 0.3493723849372385 0.12734584450402145 0.16527196652719664