3 0.8877928483353884 0.6963946869070209 0.08261405672009864 0.15370018975332067
3 0.7792848335388409 0.7087286527514232 0.08384710234278668 0.1555977229601518
3 0.6763255240443896 0.7229601518026565 0.09001233045622688 0.15749525616698293
3 0.5721331689272503 0.7343453510436433 0.08631319358816276 0.1555977229601518
4 0.2626387176325524 0.538899430740038 0.13316892725030827 0.18026565464895636
4 0.249691738594328 0.25521821631878555 0.1344019728729963 0.21062618595825428
0 0.4192355117139334 0.5977229601518027 0.14303329223181258 0.17647058823529413
0 0.4124537607891492 0.45161290322580644 0.1442663378545006 0.15939278937381404
0 0.40443896424167697 0.3092979127134725 0.14180024660912455 0.15749525616698293
0 0.39827373612823674 0.1650853889943074 0.1405672009864365 0.1555977229601518
0 0.1060419235511714 0.396584440227704 0.13933415536374846 0.17647058823529413