3 0.2294172062904718 0.8629679144385026 0.06290471785383904 0.10026737967914438
1 0.31591119333950046 0.8335561497326203 0.08325624421831637 0.1537433155080214
1 0.2904717853839038 0.3856951871657754 0.09065679925994449 0.16176470588235295
1 0.43478260869565216 0.8141711229946524 0.07585568917668825 0.1497326203208556
3 0.396854764107308 0.9692513368983957 0.07215541165587419 0.06149732620320856
3 0.46207215541165586 0.4752673796791444 0.07123034227567067 0.09491978609625669
1 0.5013876040703052 0.34692513368983957 0.08695652173913043 0.14572192513368984
1 0.5263644773358002 0.05481283422459893 0.07770582793709528 0.10962566844919786
3 0.6572617946345976 0.7894385026737968 0.060129509713228495 0.10828877005347594
3 0.8246993524514339 0.7586898395721925 0.061979648473635525 0.11497326203208556
1 0.6036077705827937 0.32887700534759357 0.07770582793709528 0.1483957219251337
1 0.7104532839962997 0.3074866310160428 0.07955596669750231 0.1483957219251337
1 0.6970397779833487 0.0374331550802139 0.0786308973172988 0.0748663101604278