3 0.21230342275670674 0.8348930481283422 0.058279370952821465 0.09491978609625669
1 0.3001850138760407 0.8141711229946524 0.07678075855689177 0.14705882352941177
1 0.29648473635522665 0.3649732620320856 0.0841813135985199 0.1537433155080214
1 0.4199814986123959 0.8068181818181818 0.06938020351526364 0.1443850267379679
3 0.3732654949121184 0.964572192513369 0.06938020351526364 0.07085561497326204
3 0.46345975948196116 0.4712566844919786 0.06753006475485661 0.08957219251336898
1 0.5087881591119334 0.34759358288770054 0.08048103607770583 0.13903743315508021
1 0.547641073080481 0.05548128342245989 0.07215541165587419 0.11096256684491979
3 0.6429232192414431 0.804144385026738 0.05550416281221091 0.10427807486631016
3 0.8117483811285846 0.7907754010695187 0.05735430157261795 0.11096256684491979
1 0.6119333950046254 0.339572192513369 0.07123034227567067 0.14304812834224598
1 0.7192414431082331 0.32954545454545453 0.0730804810360777 0.14304812834224598
1 0.7197039777983348 0.046122994652406414 0.07400555041628122 0.09224598930481283