4 0.7231675392670157 0.33361204013377926 0.04842931937172775 0.11036789297658862
6 0.6194371727748691 0.7466555183946488 0.06348167539267016 0.13377926421404682
6 0.8363874345549738 0.8252508361204013 0.05235602094240838 0.13043478260869565
6 0.412303664921466 0.6714046822742475 0.04712041884816754 0.13043478260869565
6 0.20026178010471204 0.6120401337792643 0.05301047120418848 0.12876254180602006
6 0.8268979057591623 0.612876254180602 0.04450261780104712 0.09866220735785954
6 0.7702879581151832 0.572742474916388 0.0412303664921466 0.09698996655518395
0 0.7774869109947644 0.4013377926421405 0.04581151832460733 0.10869565217391304
0 0.7791230366492147 0.29264214046822745 0.041884816753926704 0.11204013377926421
6 0.5575916230366492 0.4916387959866221 0.05235602094240838 0.11036789297658862
6 0.6145287958115183 0.5376254180602007 0.0412303664921466 0.10535117056856187
0 0.5664267015706806 0.21822742474916387 0.0412303664921466 0.09531772575250837
0 0.5647905759162304 0.318561872909699 0.04581151832460733 0.09531772575250837
4 0.5117801047120419 0.25752508361204013 0.04319371727748691 0.09531772575250837
6 0.40085078534031415 0.47575250836120403 0.041884816753926704 0.11036789297658862
6 0.34554973821989526 0.4331103678929766 0.04253926701570681 0.11036789297658862
4 0.2987565445026178 0.1939799331103679 0.03992146596858639 0.09197324414715718
0 0.3530759162303665 0.25752508361204013 0.04384816753926701 0.09531772575250837
0 0.3530759162303665 0.15468227424749165 0.04253926701570681 0.10535117056856187
6 0.13907068062827224 0.3612040133779264 0.04253926701570681 0.1020066889632107
6 0.19273560209424084 0.40384615384615385 0.04384816753926701 0.11872909698996656
0 0.14234293193717276 0.18561872909698995 0.04581151832460733 0.1020066889632107
4 0.09031413612565445 0.12207357859531773 0.03926701570680628 0.10033444816053512
0 0.14463350785340315 0.08110367892976589 0.03926701570680628 0.10869565217391304