0 0.6220204313280363 0.07429718875502007 0.10329171396140749 0.09103078982597054
0 0.44211123723041995 0.0997322623828648 0.1021566401816118 0.08969210174029452
0 0.6118047673098751 0.1686746987951807 0.10329171396140749 0.08969210174029452
0 0.604994324631101 0.2643908969210174 0.1021566401816118 0.08969210174029452
0 0.5947786606129398 0.37349397590361444 0.10442678774120318 0.08835341365461848
0 0.4267877412031782 0.2751004016064257 0.1021566401816118 0.08969210174029452
0 0.44211123723041995 0.4190093708165997 0.09988649262202043 0.08701472556894244
0 0.43246311010215666 0.5140562248995983 0.1021566401816118 0.08835341365461848
0 0.4245175936435868 0.607764390896921 0.1021566401816118 0.08969210174029452
0 0.41543700340522133 0.7014725568942436 0.1021566401816118 0.08835341365461848
0 0.7360953461975028 0.5983935742971888 0.10329171396140749 0.08969210174029452
4 0.5845629965947786 0.4839357429718876 0.10102156640181612 0.08835341365461848
4 0.5675368898978433 0.6740294511378849 0.09988649262202043 0.08835341365461848
4 0.5624290578887627 0.8795180722891566 0.09988649262202043 0.08969210174029452
4 0.8853575482406356 0.7449799196787149 0.10102156640181612 0.08835341365461848
3 0.07321225879682179 0.3132530120481928 0.05561861520998865 0.06157965194109773
3 0.1282633371169126 0.3192771084337349 0.056753688989784334 0.06157965194109773
3 0.16174801362088537 0.5307898259705489 0.056753688989784334 0.06157965194109773
3 0.21396140749148695 0.5381526104417671 0.05221339387060159 0.05756358768406961