4 0.46375 0.10857142857142857 0.13 0.07428571428571429
0 0.62625 0.145 0.1125 0.07
0 0.6325 0.07357142857142857 0.12 0.06857142857142857
6 0.80625 0.48428571428571426 0.13 0.07142857142857142
6 0.615 0.2257142857142857 0.1475 0.07
6 0.795 0.23642857142857143 0.135 0.07285714285714286
4 0.475 0.5978571428571429 0.1225 0.07142857142857142
6 0.625 0.475 0.1475 0.07428571428571429
4 0.47625 0.3557142857142857 0.1225 0.07428571428571429
0 0.64125 0.3871428571428571 0.115 0.06571428571428571
0 0.64125 0.32071428571428573 0.1225 0.06285714285714286
6 0.62375 0.7157142857142857 0.1425 0.07142857142857142
0 0.6425 0.63 0.12 0.06571428571428571
0 0.64125 0.5642857142857143 0.1175 0.06285714285714286
4 0.49625 0.8371428571428572 0.1225 0.07142857142857142
0 0.6625 0.8678571428571429 0.1175 0.06714285714285714
0 0.66125 0.8021428571428572 0.1175 0.06428571428571428
6 0.80625 0.7264285714285714 0.135 0.07285714285714286
6 0.83 0.9635714285714285 0.1375 0.07285714285714286
6 0.64375 0.9557142857142857 0.1425 0.08