6 0.16352497643732328 0.2232905982905983 0.117813383600377 0.1858974358974359
6 0.31479736098020733 0.23076923076923078 0.10933081998114987 0.18803418803418803
3 0.44957587181903863 0.6303418803418803 0.0763430725730443 0.15598290598290598
6 0.16635249764373233 0.5181623931623932 0.117813383600377 0.17735042735042736
6 0.325636192271442 0.5267094017094017 0.11592836946277098 0.18376068376068377
6 0.6248821866163996 0.44551282051282054 0.11592836946277098 0.17735042735042736
6 0.7846371347785108 0.452991452991453 0.11969839773798303 0.1858974358974359
6 0.795004712535344 0.7457264957264957 0.117813383600377 0.19017094017094016
6 0.6352497643732328 0.7361111111111112 0.117813383600377 0.1858974358974359
6 0.3350612629594722 0.8151709401709402 0.11875589066918002 0.18803418803418803
6 0.1757775683317625 0.8108974358974359 0.117813383600377 0.18162393162393162