6 0.03333333333333333 0.7151442307692307 0.06666666666666667 0.07932692307692307
6 0.25277777777777777 0.7463942307692307 0.08055555555555556 0.07932692307692307
6 0.2972222222222222 0.5997596153846154 0.08333333333333333 0.07692307692307693
6 0.575 0.7884615384615384 0.08055555555555556 0.07692307692307693
6 0.8027777777777778 0.8197115384615384 0.08055555555555556 0.07692307692307693
6 0.8486111111111111 0.6754807692307693 0.08055555555555556 0.07692307692307693
0 0.1 0.7235576923076923 0.07777777777777778 0.06971153846153846
0 0.375 0.609375 0.07777777777777778 0.0673076923076923
0 0.45 0.6201923076923077 0.08055555555555556 0.06971153846153846
0 0.65 0.7992788461538461 0.08333333333333333 0.07451923076923077
0 0.925 0.6862980769230769 0.08333333333333333 0.07451923076923077
4 0.9736111111111111 0.5408653846153846 0.05277777777777778 0.07211538461538461
4 0.7277777777777777 0.8100961538461539 0.08333333333333333 0.07692307692307693
4 0.44027777777777777 0.46875 0.08333333333333333 0.07692307692307693
4 0.175 0.7355769230769231 0.08333333333333333 0.07692307692307693