6 0.19604147031102734 0.08547008547008547 0.12252591894439209 0.17094017094017094
6 0.34354382657869936 0.14957264957264957 0.11404335532516494 0.202991452991453
3 0.43873704052780393 0.6036324786324786 0.08011310084825636 0.16666666666666666
6 0.17200754005655042 0.3611111111111111 0.12158341187558906 0.19444444444444445
6 0.32704995287464655 0.44337606837606836 0.12064090480678605 0.20085470085470086
6 0.6272384542884072 0.5064102564102564 0.11969839773798303 0.19444444444444445
6 0.7827521206409048 0.5876068376068376 0.12441093308199812 0.202991452991453
6 0.7657869934024505 0.8792735042735043 0.12252591894439209 0.20726495726495728
6 0.6107445805843544 0.7938034188034188 0.12252591894439209 0.202991452991453
6 0.30961357210179075 0.7307692307692307 0.1234684260131951 0.20512820512820512
6 0.1540999057492931 0.6506410256410257 0.12252591894439209 0.1987179487179487