3 0.9280408542246983 0.7578740157480315 0.04549675023212628 0.1437007874015748
3 0.8597957288765088 0.7588582677165354 0.04178272980501393 0.13385826771653545
1 0.7985143918291551 0.5846456692913385 0.07706592386258125 0.1377952755905512
1 0.8737233054781801 0.36811023622047245 0.07892293407613742 0.16141732283464566
3 0.8751160631383472 0.1860236220472441 0.06313834726090993 0.14960629921259844
3 0.7414113277623027 0.764763779527559 0.05013927576601671 0.13976377952755906
2 0.6392757660167131 0.5885826771653543 0.09006499535747446 0.1594488188976378
2 0.7200557103064067 0.297244094488189 0.07242339832869081 0.19094488188976377
1 0.5603528319405757 0.375 0.07242339832869081 0.17125984251968504
3 0.5584958217270195 0.2017716535433071 0.05478180129990715 0.14566929133858267
3 0.5394614670380687 0.7716535433070866 0.057567316620241414 0.13582677165354332
1 0.4851439182915506 0.5954724409448819 0.08263695450324977 0.15354330708661418
2 0.4062209842154132 0.3051181102362205 0.0733519034354689 0.1968503937007874
3 0.42618384401114207 0.7726377952755905 0.04642525533890436 0.1377952755905512
2 0.3254410399257196 0.5984251968503937 0.08913649025069638 0.14566929133858267
3 0.22794800371402044 0.781496062992126 0.04828226555246054 0.13385826771653545
3 0.08217270194986072 0.7893700787401575 0.05385329619312906 0.12992125984251968
1 0.16945218198700093 0.6062992125984252 0.08263695450324977 0.15354330708661418
3 0.2455896007428041 0.2125984251968504 0.05385329619312906 0.13385826771653545
2 0.09192200557103064 0.3159448818897638 0.07520891364902507 0.20078740157480315
1 0.2455896007428041 0.3927165354330709 0.07428040854224698 0.17519685039370078