1.jpg (200,200,3)
2.jpg (200,200,3)
3.jpg (200,200,3)
4.jpg (200,200,3)
5.jpg (200,200,3)
6.jpg (200,200,3)
7.jpg (200,200,3)
8.jpg (200,200,3)
9.jpg (200,200,3)
10.jpg (200,200,3)
11.jpg (200,200,3)
12.jpg (200,200,3)
13.jpg (200,200,3)
14.jpg (200,200,3)
15.jpg (200,200,3)
16.jpg (200,200,3)
17.jpg (200,200,3)
18.jpg (200,200,3)
19.jpg (200,200,3)
20.jpg (200,200,3)
21.jpg (200,200,3)
22.jpg (200,200,3)
23.jpg (200,200,3)
24.jpg (200,200,3)
25.jpg (200,200,3)
26.jpg (200,200,3)
27.jpg (200,200,3)
28.jpg (200,200,3)
29.jpg (200,200,3)
30.jpg (200,200,3)
31.jpg (200,200,3)
32.jpg (200,200,3)
33.jpg (200,200,3)
34.jpg (200,200,3)
35.jpg (200,200,3)
36.jpg (200,200,3)
37.jpg (200,200,3)
38.jpg (200,200,3)
39.jpg (200,200,3)
40.jpg (200,200,3)
41.jpg (200,200,3)
42.jpg (200,200,3)
43.jpg (200,200,3)
44.jpg (200,200,3)
45.jpg (200,200,3)
46.jpg (200,200,3)
47.jpg (200,200,3)
48.jpg (200,200,3)
49.jpg (200,200,3)
50.jpg (200,200,3)
51.jpg (200,200,3)
52.jpg (200,200,3)
53.jpg (200,200,3)
54.jpg (200,200,3)
55.jpg (200,200,3)
56.jpg (200,200,3)
57.jpg (200,200,3)
58.jpg (200,200,3)
59.jpg (200,200,3)
60.jpg (200,200,3)
61.jpg (200,200,3)
62.jpg (200,200,3)
63.jpg (200,200,3)
64.jpg (200,200,3)
65.jpg (200,200,3)
66.jpg (200,200,3)
67.jpg (200,200,3)
68.jpg (200,200,3)
69.jpg (200,200,3)
70.jpg (200,200,3)
71.jpg (200,200,3)
72.jpg (200,200,3)
73.jpg (200,200,3)
74.jpg (200,200,3)
75.jpg (200,200,3)
76.jpg (200,200,3)
77.jpg (200,200,3)
78.jpg (200,200,3)
79.jpg (200,200,3)
80.jpg (200,200,3)
81.jpg (200,200,3)
82.jpg (200,200,3)
83.jpg (200,200,3)
84.jpg (200,200,3)
85.jpg (200,200,3)
86.jpg (200,200,3)
87.jpg (200,200,3)
88.jpg (200,200,3)
89.jpg (200,200,3)
90.jpg (200,200,3)
91.jpg (200,200,3)
92.jpg (200,200,3)
93.jpg (200,200,3)
94.jpg (200,200,3)
95.jpg (200,200,3)
96.jpg (200,200,3)
97.jpg (200,200,3)
98.jpg (200,200,3)
99.jpg (200,200,3)
100.jpg (200,200,3)
101.jpg (200,200,3)
102.jpg (200,200,3)
103.jpg (200,200,3)
104.jpg (200,200,3)
105.jpg (200,200,3)
106.jpg (200,200,3)
107.jpg (200,200,3)
108.jpg (200,200,3)
109.jpg (200,200,3)
110.jpg (200,200,3)
111.jpg (200,200,3)
112.jpg (200,200,3)
113.jpg (200,200,3)
114.jpg (200,200,3)
115.jpg (200,200,3)
116.jpg (200,200,3)
117.jpg (200,200,3)
118.jpg (200,200,3)
119.jpg (200,200,3)
120.jpg (200,200,3)
121.jpg (200,200,3)
122.jpg (200,200,3)
123.jpg (200,200,3)
124.jpg (200,200,3)
125.jpg (200,200,3)
126.jpg (200,200,3)
127.jpg (200,200,3)
128.jpg (200,200,3)
129.jpg (200,200,3)
130.jpg (200,200,3)
131.jpg (200,200,3)
132.jpg (200,200,3)
133.jpg (200,200,3)
134.jpg (200,200,3)
135.jpg (200,200,3)
136.jpg (200,200,3)
137.jpg (200,200,3)
138.jpg (200,200,3)
139.jpg (200,200,3)
140.jpg (200,200,3)
141.jpg (200,200,3)
142.jpg (200,200,3)
143.jpg (200,200,3)
144.jpg (200,200,3)
145.jpg (200,200,3)
146.jpg (200,200,3)
147.jpg (200,200,3)
148.jpg (200,200,3)
149.jpg (200,200,3)
150.jpg (200,200,3)
151.jpg (200,200,3)
152.jpg (200,200,3)
153.jpg (200,200,3)
154.jpg (200,200,3)
155.jpg (200,200,3)
156.jpg (200,200,3)
157.jpg (200,200,3)
158.jpg (200,200,3)
159.jpg (200,200,3)
160.jpg (200,200,3)
161.jpg (200,200,3)
162.jpg (200,200,3)
163.jpg (200,200,3)
164.jpg (200,200,3)
165.jpg (200,200,3)
166.jpg (200,200,3)
167.jpg (200,200,3)
168.jpg (200,200,3)
169.jpg (200,200,3)
170.jpg (200,200,3)
171.jpg (200,200,3)
172.jpg (200,200,3)
173.jpg (200,200,3)
174.jpg (200,200,3)
175.jpg (200,200,3)
176.jpg (200,200,3)
177.jpg (200,200,3)
178.jpg (200,200,3)
179.jpg (200,200,3)
180.jpg (200,200,3)
181.jpg (200,200,3)
182.jpg (200,200,3)
183.jpg (200,200,3)
184.jpg (200,200,3)
185.jpg (200,200,3)
186.jpg (200,200,3)
187.jpg (200,200,3)
188.jpg (200,200,3)
189.jpg (200,200,3)
190.jpg (200,200,3)
191.jpg (200,200,3)
192.jpg (200,200,3)
193.jpg (200,200,3)
194.jpg (200,200,3)
195.jpg (200,200,3)
196.jpg (200,200,3)
197.jpg (200,200,3)
198.jpg (200,200,3)
199.jpg (200,200,3)
200.jpg (200,200,3)
201.jpg (200,200,3)
202.jpg (200,200,3)
203.jpg (200,200,3)
204.jpg (200,200,3)
205.jpg (200,200,3)
206.jpg (200,200,3)
207.jpg (200,200,3)
208.jpg (200,200,3)
209.jpg (200,200,3)
210.jpg (200,200,3)
211.jpg (200,200,3)
212.jpg (200,200,3)
213.jpg (200,200,3)
214.jpg (200,200,3)
215.jpg (200,200,3)
216.jpg (200,200,3)
217.jpg (200,200,3)
218.jpg (200,200,3)
219.jpg (200,200,3)
220.jpg (200,200,3)
221.jpg (200,200,3)
222.jpg (200,200,3)
223.jpg (200,200,3)
224.jpg (200,200,3)
225.jpg (200,200,3)
226.jpg (200,200,3)
227.jpg (200,200,3)
228.jpg (200,200,3)
229.jpg (200,200,3)
230.jpg (200,200,3)
231.jpg (200,200,3)
232.jpg (200,200,3)
233.jpg (200,200,3)
234.jpg (200,200,3)
235.jpg (200,200,3)
236.jpg (200,200,3)
237.jpg (200,200,3)
238.jpg (200,200,3)
239.jpg (200,200,3)
240.jpg (200,200,3)
241.jpg (200,200,3)
242.jpg (200,200,3)
243.jpg (200,200,3)
244.jpg (200,200,3)
245.jpg (200,200,3)
246.jpg (200,200,3)
247.jpg (200,200,3)
248.jpg (200,200,3)
249.jpg (200,200,3)
250.jpg (200,200,3)
251.jpg (200,200,3)
252.jpg (200,200,3)
253.jpg (200,200,3)
254.jpg (200,200,3)
255.jpg (200,200,3)
256.jpg (200,200,3)
257.jpg (200,200,3)
258.jpg (200,200,3)
259.jpg (200,200,3)
260.jpg (200,200,3)
261.jpg (200,200,3)
262.jpg (200,200,3)
263.jpg (200,200,3)
264.jpg (200,200,3)
265.jpg (200,200,3)
266.jpg (200,200,3)
267.jpg (200,200,3)
268.jpg (200,200,3)
269.jpg (200,200,3)
270.jpg (200,200,3)
271.jpg (200,200,3)
272.jpg (200,200,3)
273.jpg (200,200,3)
274.jpg (200,200,3)
275.jpg (200,200,3)
276.jpg (200,200,3)
277.jpg (200,200,3)
278.jpg (200,200,3)
279.jpg (200,200,3)
280.jpg (200,200,3)
281.jpg (200,200,3)
282.jpg (200,200,3)
283.jpg (200,200,3)
284.jpg (200,200,3)
285.jpg (200,200,3)
286.jpg (200,200,3)
287.jpg (200,200,3)
288.jpg (200,200,3)
289.jpg (200,200,3)
290.jpg (200,200,3)
291.jpg (200,200,3)
292.jpg (200,200,3)
293.jpg (200,200,3)
294.jpg (200,200,3)
295.jpg (200,200,3)
296.jpg (200,200,3)
297.jpg (200,200,3)
298.jpg (200,200,3)
299.jpg (200,200,3)
300.jpg (200,200,3)
301.jpg (200,200,3)
302.jpg (200,200,3)
303.jpg (200,200,3)
304.jpg (200,200,3)
305.jpg (200,200,3)
306.jpg (200,200,3)
307.jpg (200,200,3)
308.jpg (200,200,3)
309.jpg (200,200,3)
310.jpg (200,200,3)
311.jpg (200,200,3)
312.jpg (200,200,3)
313.jpg (200,200,3)
314.jpg (200,200,3)
315.jpg (200,200,3)
316.jpg (200,200,3)
317.jpg (200,200,3)
318.jpg (200,200,3)
319.jpg (200,200,3)
320.jpg (200,200,3)
321.jpg (200,200,3)
322.jpg (200,200,3)
323.jpg (200,200,3)
324.jpg (200,200,3)
325.jpg (200,200,3)
326.jpg (200,200,3)
327.jpg (200,200,3)
328.jpg (200,200,3)
329.jpg (200,200,3)
330.jpg (200,200,3)
331.jpg (200,200,3)
332.jpg (200,200,3)
333.jpg (200,200,3)
334.jpg (200,200,3)
335.jpg (200,200,3)
336.jpg (200,200,3)
337.jpg (200,200,3)
338.jpg (200,200,3)
339.jpg (200,200,3)
340.jpg (200,200,3)
341.jpg (200,200,3)
342.jpg (200,200,3)
343.jpg (200,200,3)
344.jpg (200,200,3)
345.jpg (200,200,3)
346.jpg (200,200,3)
347.jpg (200,200,3)
348.jpg (200,200,3)
349.jpg (200,200,3)
350.jpg (200,200,3)
351.jpg (200,200,3)
352.jpg (200,200,3)
353.jpg (200,200,3)
354.jpg (200,200,3)
355.jpg (200,200,3)
356.jpg (200,200,3)
357.jpg (200,200,3)
358.jpg (200,200,3)
359.jpg (200,200,3)
360.jpg (200,200,3)
361.jpg (200,200,3)
362.jpg (200,200,3)
363.jpg (200,200,3)
364.jpg (200,200,3)
365.jpg (200,200,3)
366.jpg (200,200,3)
367.jpg (200,200,3)
368.jpg (200,200,3)
369.jpg (200,200,3)
370.jpg (200,200,3)
371.jpg (200,200,3)
372.jpg (200,200,3)
373.jpg (200,200,3)
374.jpg (200,200,3)
375.jpg (200,200,3)
376.jpg (200,200,3)
377.jpg (200,200,3)
378.jpg (200,200,3)
379.jpg (200,200,3)
380.jpg (200,200,3)
381.jpg (200,200,3)
382.jpg (200,200,3)
383.jpg (200,200,3)
384.jpg (200,200,3)
385.jpg (200,200,3)
386.jpg (200,200,3)
387.jpg (200,200,3)
388.jpg (200,200,3)
389.jpg (200,200,3)
390.jpg (200,200,3)
391.jpg (200,200,3)
392.jpg (200,200,3)
393.jpg (200,200,3)
394.jpg (200,200,3)
395.jpg (200,200,3)
396.jpg (200,200,3)
397.jpg (200,200,3)
398.jpg (200,200,3)
399.jpg (200,200,3)
400.jpg (200,200,3)
401.jpg (200,200,3)
402.jpg (200,200,3)
403.jpg (200,200,3)
404.jpg (200,200,3)
405.jpg (200,200,3)
406.jpg (200,200,3)
407.jpg (200,200,3)
408.jpg (200,200,3)
409.jpg (200,200,3)
410.jpg (200,200,3)
411.jpg (200,200,3)
412.jpg (200,200,3)
413.jpg (200,200,3)
414.jpg (200,200,3)
415.jpg (200,200,3)
416.jpg (200,200,3)
417.jpg (200,200,3)
418.jpg (200,200,3)
419.jpg (200,200,3)
420.jpg (200,200,3)
421.jpg (200,200,3)
422.jpg (200,200,3)
423.jpg (200,200,3)
424.jpg (200,200,3)
425.jpg (200,200,3)
426.jpg (200,200,3)
427.jpg (200,200,3)
428.jpg (200,200,3)
429.jpg (200,200,3)
430.jpg (200,200,3)
431.jpg (200,200,3)
432.jpg (200,200,3)
433.jpg (200,200,3)
434.jpg (200,200,3)
435.jpg (200,200,3)
436.jpg (200,200,3)
437.jpg (200,200,3)
438.jpg (200,200,3)
439.jpg (200,200,3)
440.jpg (200,200,3)
441.jpg (200,200,3)
442.jpg (200,200,3)
443.jpg (200,200,3)
444.jpg (200,200,3)
445.jpg (200,200,3)
446.jpg (200,200,3)
447.jpg (200,200,3)
448.jpg (200,200,3)
449.jpg (200,200,3)
450.jpg (200,200,3)
451.jpg (200,200,3)
